12
13
17
31
39
40
44
45
56
61
63
65
67
75
76
78
81
82
83
84
85
93
94
108
109
115
116
117
127
128
132
133
137
148
153
160
168
169
172
173
174
175
176
179
182
183
184
185
188
189
190
203
205
206
207
208
212
216
217
220
221
227
228
238
245
249
272
273
276
277
286
287
288
299
310
311
312
313
317
318
326
331
332
338
339
340
341
342
343
346
347
348
349
350
351
352
353
354
359
368
375
376
379
380
384
392
401
410
411
414
415
416
417
418
422
426
430
438
442
445
452
453
454
459
466
467
468
472
473
474
475
478
487
492
496
497
499
500
502
509
510
511
512
513
516
517
518
519
520
521
522
523
524
526
530
532
535
536
548
550
551
552
559
561
568
569
572
573
574
582
583
584
586
598
601
607
615
625
626
627
628
634
635
637
641
642
643
644
645
648
650
651
652
654
657
664
666
681
682
686
695
696
704
706
707
713
714
715
716
717
718
719
725
727
734
735
736
737
738
739
746
753
754
756
763
764
765
766
767
768
769
773
780
782
783
790
804
812
813
816
817
818
823
824
829
833
834
835
836
838
839
840
841
842
843
845
846
858
859
862
869
871
880
881
882
883
884
885
893
894
895
899
901
904
910
911
912
913
914
915
916
917
918
919
920
921
922
923
925
929
930
931
932
935
941
945
946
950
952
953
954
955
957
959
960
962
966
969
973
974
976
978
979
983
984
985
986
994
995
996
999
1000
1020
1021
1029
1030
1031
1032
1033
1039
1040
1056
1057
1068
1069
1070
1071
1076
1077
1078
1081
1082
1083
1086
1087
1088
1089
1090
1091
1092
1093
1094
1095
1096
1097
1109
1115
1118
1119
1120
1121
1123
1124
1125
1126
1127
1137
1138
1141
1142
1143
1144
1145
1146
1147
1150
1176
1182
1183
1185
1196
1197
1198
1201
1202
1207
1210
1211
1212
1213
1215
1216
1217
1219
1231
1232
1235
1246
1247
1263
1264
1265
1266
1267
1268
1269
1270
1271
1272
1273
1275
1276
1277
1278
1279
1280
1281
1282
1288
1290
1291
1296
1297
1301
1302
1303
1305
1306
1308
1309
1310
1316
1317
1334
1335
1338
1339
1340
1343
1349
1350
1358
1359
1368
1371
1372
1373
1374
1375
1380
1381
1388
1389
1390
1391
1392
1393
1394
