44
45
65
78
84
85
115
116
117
124
125
137
148
160
168
170
171
173
174
184
185
189
190
193
206
207
216
227
228
238
245
272
273
288
296
299
309
326
340
341
342
343
346
349
350
353
354
356
357
359
375
376
380
384
400
411
416
422
430
431
442
443
445
452
459
466
467
472
487
492
496
497
505
506
509
513
516
517
518
521
522
523
526
532
535
541
557
568
569
583
598
599
600
601
615
625
626
637
655
658
659
660
664
666
669
670
671
686
696
704
707
713
714
715
716
725
734
735
736
737
738
739
756
758
759
772
773
780
782
783
787
788
790
