1
2
5
9
10
12
13
17
19
31
39
40
42
44
45
56
61
63
65
67
71
75
76
78
81
82
83
84
85
87
88
89
93
94
105
108
109
114
115
116
117
121
122
124
125
127
128
130
132
133
137
144
145
146
148
153
154
155
157
158
160
165
168
169
170
171
172
173
174
175
176
179
182
183
184
185
188
189
190
191
192
193
197
203
204
205
206
207
208
209
210
211
212
216
217
220
221
223
224
227
228
235
236
238
240
245
248
249
252
253
254
269
270
271
272
273
276
277
281
282
283
284
285
286
287
288
289
290
296
299
304
309
310
311
312
313
317
318
320
321
326
331
332
333
334
338
339
340
341
342
343
346
347
348
349
350
351
352
353
354
356
357
359
365
366
367
368
375
376
379
380
381
382
383
384
387
388
391
392
399
400
401
402
406
407
408
410
411
414
415
416
417
418
421
422
426
427
430
431
435
438
442
443
444
445
451
452
453
454
459
462
464
465
466
467
468
470
471
472
473
474
475
478
480
483
484
487
492
496
497
498
499
500
502
503
505
506
509
510
511
512
513
516
517
518
519
520
521
522
523
524
526
528
529
530
532
535
536
537
538
539
540
541
548
550
551
552
557
558
559
561
568
569
572
573
574
582
583
584
586
590
597
598
599
600
601
607
608
609
610
611
612
613
615
616
617
618
624
625
626
627
628
629
630
631
634
635
637
638
639
640
641
642
643
644
645
646
647
648
650
651
652
654
655
656
657
658
659
660
664
666
669
670
671
675
681
682
683
686
687
688
692
693
695
696
697
698
699
700
701
704
705
706
707
710
711
712
713
714
715
716
717
718
719
723
725
727
729
730
731
732
733
734
735
736
737
738
739
740
742
743
745
746
747
749
751
752
753
754
755
756
758
759
760
761
762
763
764
765
766
767
768
769
770
771
772
773
774
775
780
782
783
784
787
788
790
797
799
804
810
811
812
813
816
817
818
819
820
821
822
823
824
825
826
829
830
831
832
833
834
835
836
838
839
840
841
842
843
845
846
850
852
858
859
862
863
864
865
866
867
868
869
871
875
876
880
881
882
883
884
885
886
887
892
893
894
895
896
898
899
900
901
904
908
910
911
912
913
914
915
916
917
918
919
920
921
922
923
924
925
929
930
931
932
935
936
941
943
944
945
946
947
950
951
952
953
954
955
957
959
960
961
962
963
966
969
970
973
974
975
976
978
979
983
984
985
986
993
994
995
996
997
998
999
1000
1003
1009
1010
1011
1012
1014
1015
1018
1019
1020
1021
1022
1023
1026
1027
1028
1029
1030
1031
1032
1033
1039
1040
1047
1048
1049
1050
1051
1056
1057
1068
1069
1070
1071
1074
1076
1077
1078
1080
1081
1082
1083
1086
1087
1088
1089
1090
1091
1092
1093
1094
1095
1096
1097
1100
1101
1105
1109
1114
1115
1118
1119
1120
1121
1123
1124
1125
1126
1127
1130
1131
1132
1137
1138
1141
1142
1143
1144
1145
1146
1147
1148
1150
1151
1152
1154
1155
1156
1157
1158
1159
1160
1163
1164
1173
1174
1176
1179
1182
1183
1185
1186
1187
1191
1192
1196
1197
1198
1199
1201
1202
1203
1204
1205
1206
1207
1208
1210
1211
1212
1213
1214
1215
1216
1217
1218
1219
1225
1226
1227
1228
1231
1232
1233
1234
1235
1240
1241
1242
1243
1246
1247
1248
1251
1252
1263
1264
1265
1266
1267
1268
1269
1270
1271
1272
1273
1274
1275
1276
1277
1278
1279
1280
1281
1282
1287
1288
1290
1291
1292
1293
1294
1295
1296
1297
1298
1299
1300
1301
1302
1303
1304
1305
1306
1308
1309
1310
1311
1316
1317
1324
1325
1326
1327
1329
1330
1333
1334
1335
1338
1339
1340
1343
1345
1346
1347
1348
1349
1350
1351
1352
1355
1356
1357
1358
1359
1363
1364
1365
1366
1367
1368
1371
1372
1373
1374
1375
1379
1380
1381
1382
1383
1388
1389
1390
1392
1401
1402
1403
1405
1406
1407
1408
1412
1413
1414
1418
1419
1423
1424
1425
1427
1430
1436
1437
1438
1440
1445
1446
1449
1450
1451
1452
1453
1456
1457
1458
1462
1463
1464
1465
1466
1467
1468
1469
1472
1473
1474
1475
1480
1481
1482
1483
1484
1485
1486
1487
1488
1489
1490
1491
1492
1493
1494
1495
1496
1497
1498
1499
1502
1505
1506
1507
1508
1511
1512
1517
1518
1520
1521
1522
1523
1525
1526
1530
1531
1533
1534
1535
1536
1537
1539
1540
1541
1542
1543
1544
1546
1547
1548
1549
1550
1551
1552
1553
1554
1555
1556
1557
1558
1559
1560
1561
1566
1567
1568
1573
1574
1575
1580
1581
1582
1583
1584
1585
1586
1587
1588
1589
1590
1591
1592
1593
1594
1595
1596
1597
1598
1599
1600
1601
1602
1603
1604
1605
1606
1607
1608
1609
1610
1615
1616
1621
1625
1626
1627
1629
1635
1637
1640
1641
1642
1643
1644
1645
1646
1647
1648
1649
1653
1654
1655
1656
1657
1658
1662
1663
1666
1667
1668
1669
1671
1672
1673
1674
1678
1679
1680
1681
1685
1686
1690
1691
1693
1694
1698
1701
1702
1704
1705
1706
1707
1708
1709
1710
1711
1712
1713
1721
1723
1725
1726
1727
1728
1730
1731
1732
1733
1734
1735
1736
1737
1738
1740
1741
1742
1743
1747
1748
1749
1750
1751
1753
1754
1755
1757
1758
1759
1760
1761
1763
1766
1767
1770
1771
1772
1784
1785
1786
1787
1791
1800
1801
1802
1803
1804
1805
1806
1807
1808
1809
1810
1811
1812
1813
1814
1815
1816
1817
1820
1821
1822
1828
1829
1833
1842
1843
1844
1846
1847
1848
1849
1850
1851
1854
1856
1857
1858
1859
1860
1863
1869
1870
1871
1872
1873
1876
1877
1878
1879
1880
1882
1883
1884
1885
1886
1887
1888
1889
1892
1893
1895
1896
1897
1901
1904
1905
1906
1907
1908
1909
1910
1911
1913
1915
1916
1917
1918
1919
1920
1921
1922
1923
1924
1925
1926
1927
1928
1934
1935
1936
1940
1941
1942
1948
1950
1951
1952
1953
1954
1955
1956
1957
1958
1959
1960
1962
1963
1964
1966
1969
1970
1971
1972
1973
1974
1975
1976
1979
1980
1981
1985
1986
1987
1989
1992
1996
1997
1998
1999
2000
2002
2008
2009
2013
2014
2016
2017
2018
2022
2023
2026
2027
2028
2029
2032
2033
2035
2037
2038
2039
2040
2041
2042
2043
2044
2048
2049
2050
2051
2052
2057
2060
2061
2062
2067
2073
2074
2076
2081
2085
2089
2090
2092
2094
2095
2096
2097
2098
2099
2100
2101
2102
2103
2104
2106
2107
2108
2109
2110
2113
2114
2115
2116
2117
2118
2121
2122
2123
2124
2130
2131
2134
2135
2140
2143
2149
2153
2154
2155
2156
2157
2158
2159
2160
2161
2162
2164
2166
2167
2168
2169
2170
2171
2172
2173
2175
2176
2177
2178
2182
2183
2184
2188
2189
2190
2191
2193
2194
2195
2196
2197
2198
2199
2200
2201
2203
2204
2205
2206
2207
2208
2209
2211
2213
2214
2217
2218
2219
2222
2225
2226
2229
2233
2234
2235
2236
2237
2240
2241
2250
2251
2252
2254
2255
2259
2260
2261
2263
2264
2265
2268
2269
2276
2278
2279
2280
2281
2282
2285
2289
2290
2291
2292
2295
2296
2297
2298
2299
2300
2301
2302
2310
2311
2312
2313
2317
2321
2322
2323
2324
2330
2331
2332
2333
2334
2336
2337
2338
2339
2340
2343
2344
2345
2346
2347
2348
2349
2350
2351
2352
2353
2354
2355
2356
2357
2358
2359
2365
2366
2370
2371
2372
2373
2374
2375
2377
2378
2379
2380
2381
2383
2384
2389
2391
2392
2393
2394
2395
2396
2399
2402
2403
2404
2405
2408
2409
2410
2412
2413
2414
2415
2416
2417
2418
2419
2420
2421
2422
2423
2430
2431
2432
2434
2435
2436
2437
2438
2441
2442
2443
2444
2445
2446
2447
2449
2450
2451
2452
2455
2456
2457
2458
2459
2460
2461
2462
2463
2464
2465
2466
2469
2470
2471
2473
2474
2475
2476
2477
2478
2479
2483
2484
2489
2492
2493
2494
2495
2496
2497
2498
2499
2504
2505
2506
2507
2513
2516
2517
2518
2519
2525
2526
2527
2529
2530
2533
2535
2536
2537
2538
2539
2543
2544
2545
