5
12
13
17
19
31
39
40
42
44
45
56
61
63
65
67
75
76
78
81
82
83
84
85
93
94
105
108
109
114
115
116
117
127
128
130
132
133
137
144
145
146
148
153
157
158
160
165
168
169
172
173
174
175
176
179
182
183
184
185
188
189
190
197
203
205
206
207
208
209
210
211
212
216
217
220
221
224
227
228
235
236
238
240
245
249
269
270
271
272
273
276
277
281
282
283
284
285
286
287
288
290
299
304
310
311
312
313
317
318
320
321
326
331
332
333
334
338
339
340
341
342
343
346
347
348
349
350
351
352
353
354
359
365
366
367
368
375
376
379
380
381
382
383
384
387
388
392
401
402
406
407
408
410
411
414
415
416
417
418
421
422
426
427
430
438
442
444
445
452
453
454
459
466
467
468
471
472
473
474
475
478
480
487
492
496
497
498
499
500
502
503
509
510
511
512
513
516
517
518
519
520
521
522
523
524
526
530
532
535
536
537
538
539
540
541
548
550
551
552
558
559
561
568
569
572
573
574
582
583
584
586
590
597
598
601
607
608
612
613
615
618
624
625
626
627
628
630
631
634
635
637
641
642
643
644
645
646
647
648
650
651
652
654
657
658
659
660
664
666
681
682
686
695
696
698
704
706
707
712
713
714
715
716
717
718
719
723
725
727
729
734
735
736
737
738
739
742
743
745
746
747
749
751
753
754
755
756
758
759
760
761
763
764
765
766
767
768
769
770
771
773
774
775
780
782
783
787
788
790
804
812
813
816
817
818
823
824
825
826
829
830
831
832
833
834
835
836
838
839
840
841
842
843
845
846
852
858
859
862
863
864
865
869
871
875
876
880
881
882
883
884
885
886
887
892
893
894
895
899
901
904
910
911
912
913
914
915
916
917
918
919
920
921
922
923
925
929
930
931
932
935
936
941
943
944
945
946
947
950
952
953
954
955
957
959
960
961
962
966
969
973
974
976
978
979
983
984
985
986
993
994
995
996
997
998
999
1000
1003
1014
1015
1020
1021
1022
1023
1026
1027
1028
1029
1030
1031
1032
1033
1039
1040
1049
1050
1051
1056
1057
1068
1069
1070
1071
1076
1077
1078
1081
1082
1083
1086
1087
1088
1089
1090
1091
1092
1093
1094
1095
1096
1097
1101
1105
1109
1114
1115
1118
1119
1120
1121
1123
1124
1125
1126
1127
1137
1138
1141
1142
1143
1144
1145
1146
1147
1150
1151
1152
1176
1179
1182
1183
1185
1191
1192
1196
1197
1198
1199
1201
1202
1206
1207
1210
1211
1212
1213
1215
1216
1217
1218
1219
1225
1231
1232
1235
1240
1241
1242
1243
1246
1247
1248
1251
1252
1263
1264
1265
1266
1267
1268
1269
1270
1271
1272
1273
1275
1276
1277
1278
1279
1280
1281
1282
1288
1290
1291
1292
1293
1295
1296
1297
1298
1299
1300
1301
1302
1303
1305
1306
1308
1309
1310
1316
1317
1326
1327
1329
1330
1334
1335
1338
1339
1340
1343
1349
1350
1358
1359
1365
1368
1371
1372
1373
1374
1375
1380
1381
1388
1389
1390
1392
1401
1405
1406
1412
1413
1414
1418
1419
1425
1427
1430
1436
1437
1438
1440
1445
1446
1449
1458
1463
1464
1465
1466
1467
1468
1472
1473
1474
1475
1480
1481
1484
1485
1494
1495
1502
1505
1517
1518
1520
1523
1525
1530
1531
1533
1534
1535
1536
1537
1539
1540
1541
1546
1547
1548
1553
1558
1559
1560
1561
1566
1567
1575
1580
1581
1582
1583
1585
1586
1587
1588
1589
1590
1591
1592
1593
1597
1598
1599
1602
1603
1604
1605
1606
1607
1608
1609
1610
1629
1640
1641
1642
1643
1644
1645
1647
1648
1649
1653
1654
1655
1656
1657
1658
1662
1663
1668
1669
1671
1672
1673
1674
1679
1680
1681
1685
1698
1701
1702
1705
1706
1707
1708
1709
1710
1712
1713
1723
1725
1726
1727
1728
1734
1735
1736
1737
1738
1740
1741
1742
1743
1747
1748
1749
1750
1751
1753
1754
1755
1763
1770
1771
1772
1784
1785
1786
1787
1800
1801
1802
1803
1804
1805
1806
1807
1812
1813
1814
1815
1816
1817
1820
1828
1833
1846
1847
1851
1854
1856
1857
1869
1871
1872
1873
1879
1880
1882
1883
1884
1885
1888
1889
1892
1893
