5
12
13
17
31
39
40
44
45
56
61
65
67
75
76
78
81
82
83
84
85
93
94
108
109
114
115
116
117
137
148
153
160
168
169
173
174
179
182
183
184
185
188
189
190
203
205
206
207
208
212
216
217
220
221
227
228
238
245
249
272
273
276
277
288
299
310
311
317
318
326
331
332
338
339
340
341
342
343
346
347
348
349
350
351
352
353
354
359
365
368
375
376
379
380
384
392
401
410
411
416
421
422
426
430
438
442
445
452
453
459
466
467
468
472
473
478
487
492
496
497
499
500
502
509
510
511
512
513
516
517
518
519
521
522
523
524
526
530
532
535
536
548
552
559
561
568
569
572
573
574
582
583
586
590
598
601
607
615
618
625
626
627
628
634
635
637
641
642
643
644
645
648
650
652
654
657
664
666
681
682
686
695
696
704
707
713
714
715
716
725
727
734
735
736
737
738
739
746
756
763
764
765
766
773
774
775
780
782
783
790
804
812
813
816
817
818
819
820
821
829
830
831
832
833
838
839
840
841
842
843
845
846
869
871
875
876
880
881
882
883
895
899
901
904
910
911
912
913
914
915
916
917
918
919
920
921
922
923
925
929
930
935
941
950
952
953
954
955
966
978
979
986
993
994
995
996
999
1000
1020
1021
1068
1069
1070
1074
1075
1076
1080
1081
1086
1087
1089
1090
1091
1092
1093
1094
1101
1105
1115
1120
1121
1123
1124
1125
1126
1127
1135
1136
1137
1138
1141
1142
1143
1144
1145
1146
1147
