1
2
5
9
10
12
13
17
18
19
31
39
40
42
44
45
56
61
63
65
67
71
75
76
78
81
82
83
84
85
87
88
89
93
94
105
108
109
114
115
116
117
121
122
124
125
126
127
128
130
132
133
137
138
144
145
146
147
148
153
154
155
157
158
160
165
168
169
170
171
172
173
174
175
176
179
182
183
184
185
188
189
190
191
192
193
197
203
204
205
206
207
208
209
210
211
212
216
217
220
221
223
224
227
228
230
235
236
238
240
245
248
249
252
253
254
264
269
270
271
272
273
276
277
281
282
283
284
285
286
287
288
289
290
296
299
304
307
308
309
310
311
312
313
317
318
320
321
326
331
332
333
334
338
339
340
341
342
343
346
347
348
349
350
351
352
353
354
356
357
359
365
366
367
368
372
375
376
378
379
380
381
382
383
384
387
388
389
390
391
392
399
400
401
402
406
407
408
410
411
414
415
416
417
418
421
422
426
427
430
431
432
433
434
435
436
437
438
440
441
442
443
444
445
451
452
453
454
457
458
459
462
463
464
465
466
467
468
470
471
472
473
474
475
478
480
483
484
487
488
492
496
497
498
499
500
502
503
505
506
509
510
511
512
513
516
517
518
519
520
521
522
523
524
526
528
529
530
532
535
536
537
538
539
540
541
548
550
551
552
557
558
559
561
568
569
572
573
574
582
583
584
586
590
597
598
599
600
601
607
608
609
610
611
612
613
615
616
617
618
622
623
624
625
626
627
628
629
630
631
634
635
637
638
639
640
641
642
643
644
645
646
647
648
650
651
652
654
655
656
657
658
659
660
664
666
669
670
671
675
681
682
683
684
686
687
688
692
693
695
696
697
698
699
700
701
704
705
706
707
710
711
712
713
714
715
716
717
718
719
723
724
725
727
729
730
731
732
733
734
735
736
737
738
739
740
742
743
745
746
747
749
751
752
753
754
755
756
758
759
760
761
762
763
764
765
766
767
768
769
770
771
772
773
774
775
777
779
780
781
782
783
784
787
788
790
797
799
804
810
811
812
813
816
817
818
819
820
821
822
823
824
825
826
829
830
831
832
833
834
835
836
838
839
840
841
842
843
844
845
846
850
852
858
859
862
863
864
865
866
867
868
869
871
872
875
876
880
881
882
883
884
885
886
887
892
893
894
895
896
898
899
900
901
904
908
910
911
912
913
914
915
916
917
918
919
920
921
922
923
924
925
929
930
931
932
935
936
941
943
944
945
946
947
950
951
952
953
954
955
957
959
960
961
962
963
966
969
970
973
974
975
976
978
979
980
983
984
985
986
993
994
995
996
997
998
999
1000
1003
1009
1010
1011
1012
1014
1015
1018
1019
1020
1021
1022
1023
1026
1027
1028
1029
1030
1031
1032
1033
1038
1039
1040
1047
1048
1049
1050
1051
1052
1056
1057
1065
1066
1067
1068
1069
1070
1071
1072
1073
1074
1076
1077
1078
1080
1081
1082
1083
1086
1087
1088
1089
1090
1091
1092
1093
1094
1095
1096
1097
1100
1101
1105
1109
1110
1111
1112
1114
1115
1118
1119
1120
1121
1123
1124
1125
1126
1127
1128
1129
1130
1131
1132
1137
1138
1141
1142
1143
1144
1145
1146
1147
1148
1150
1151
1152
1154
1155
1156
1157
1158
1159
1160
1163
1164
1173
1174
1176
1179
1182
1183
1185
1186
1187
1191
1192
1196
1197
1198
1199
1201
1202
1203
1204
1205
1206
1207
1208
1210
1211
1212
1213
1214
1215
1216
1217
1218
1219
1220
1221
1222
1223
1225
1226
1227
1228
1231
1232
1233
1234
1235
1237
1238
1239
1240
1241
1242
1243
1246
1247
1248
1251
1252
1256
1257
1263
1264
1265
1266
1267
1268
1269
1270
1271
1272
1273
1274
1275
1276
1277
1278
1279
1280
1281
1282
1283
1284
1285
1287
1288
1290
1291
1292
1293
1294
1295
1296
1297
1298
1299
1300
1301
1302
1303
1304
1305
1306
1308
1309
1310
1311
1313
1316
1317
1318
1319
1320
1321
1322
1323
1324
1325
1326
1327
1329
1330
1333
1334
1335
1338
1339
1340
1343
1345
1346
1347
1348
1349
1350
1351
1352
1355
1356
1357
1358
1359
1363
1364
1365
1366
1367
1368
1369
1371
1372
1373
1374
1375
1376
1377
1379
1380
1381
1382
1383
1388
1389
1390
1392
1397
1398
1399
1400
1401
1402
1403
1404
1405
1406
1407
1408
1409
1412
1413
1414
1415
1416
1418
1419
1423
1424
1425
1427
1428
1429
1430
1436
1437
1438
1440
1441
1442
1443
1445
1446
1449
1450
1451
1452
1453
1454
1455
1456
1457
1458
1462
1463
1464
1465
1466
1467
1468
1469
1472
1473
1474
1475
1480
1481
1482
1483
1484
1485
1486
1487
1488
1489
1490
1491
1492
1493
1494
1495
1496
1497
1498
1499
1500
1501
1502
1503
1504
1505
1506
1507
1508
1511
1512
1517
1518
1519
1520
1521
1522
1523
1525
1526
1530
1531
1533
1534
1535
1536
1537
1538
1539
1540
1541
1542
1543
1544
1546
1547
1548
1549
1550
1551
1552
1553
1554
1555
1556
1557
1558
1559
1560
1561
1566
1567
1568
1570
1571
1572
1573
1574
1575
1576
1577
1580
1581
1582
1583
1584
1585
1586
1587
1588
1589
1590
1591
1592
1593
1594
1595
1596
1597
1598
1599
1600
1601
1602
1603
1604
1605
1606
1607
1608
1609
1610
1615
1616
1621
1625
1626
1627
1629
1630
1635
1636
1637
1640
1641
1642
1643
1644
1645
1646
1647
1648
1649
1653
1654
1655
1656
1657
1658
1659
1660
1661
1662
1663
1666
1667
1668
1669
1671
1672
1673
1674
1678
1679
1680
1681
1682
1683
1684
1685
1686
1690
1691
1693
1694
1698
1699
1701
1702
1704
1705
1706
1707
1708
1709
1710
1711
1712
1713
1716
1721
1723
1725
1726
1727
1728
1729
1730
1731
1732
1733
1734
1735
1736
1737
1738
1739
1740
1741
1742
1743
1744
1745
1746
1747
1748
1749
1750
1751
1753
1754
1755
1757
1758
1759
1760
1761
1763
1766
1767
1770
1771
1772
1774
1775
1776
1777
1778
1784
1785
1786
1787
1791
1792
1793
1794
1795
1796
1797
1800
1801
1802
1803
1804
1805
1806
1807
1808
1809
1810
1811
1812
1813
1814
1815
1816
1817
1818
1819
1820
1821
1822
1828
1829
1833
1835
1836
1842
1843
1844
1846
1847
1848
1849
1850
1851
1854
1856
1857
1858
1859
1860
1863
1869
1870
1871
1872
1873
1876
1877
1878
1879
1880
1882
1883
1884
1885
1886
1887
1888
1889
1892
1893
1895
1896
1897
1898
1899
1900
1901
1904
1905
1906
1907
1908
1909
1910
1911
1913
1915
1916
1917
1918
1919
1920
1921
1922
1923
1924
1925
1926
1927
1928
1932
1933
1934
1935
1936
1940
1941
1942
1946
1948
1950
1951
1952
1953
1954
1955
1956
1957
1958
1959
1960
1962
1963
1964
1966
1969
1970
1971
1972
1973
1974
1975
1976
1979
1980
1981
1982
1984
1985
1986
1987
1989
1992
1995
1996
1997
1998
1999
2000
2002
2007
2008
2009
2013
2014
2016
2017
2018
2019
2020
2021
2022
2023
2025
2026
2027
2028
2029
2032
2033
2035
2036
2037
2038
2039
2040
2041
2042
2043
2044
2048
2049
2050
2051
2052
2057
2058
2059
2060
2061
2062
2065
2066
2067
2068
2069
2070
2071
2073
2074
2076
2077
2078
2079
2080
2081
2082
2083
2085
2089
2090
2092
2093
2094
2095
2096
2097
2098
2099
2100
2101
2102
2103
2104
2105
2106
2107
2108
2109
2110
2111
2112
2113
2114
2115
2116
2117
2118
2121
2122
2123
2124
2125
2126
2130
2131
2132
2133
2134
2135
2140
2143
2144
2145
2146
2149
2152
2153
2154
2155
2156
2157
2158
2159
2160
2161
2162
2163
2164
2165
2166
2167
2168
2169
2170
2171
2172
2173
2174
2175
2176
2177
2178
2182
2183
2184
2188
2189
2190
2191
2192
2193
2194
2195
2196
2197
2198
2199
2200
2201
2203
2204
2205
2206
2207
2208
2209
2211
2212
2213
2214
2215
2216
2217
2218
2219
2220
2221
2222
2225
2226
2228
2229
2233
2234
2235
2236
2237
2240
2241
2250
2251
2252
2253
2254
2255
2258
2259
2260
2261
2263
2264
2265
2268
2269
2276
2278
2279
2280
2281
2282
2285
2288
2289
2290
2291
2292
2293
2294
2295
2296
2297
2298
2299
2300
2301
2302
2303
2304
2310
2311
2312
2313
2314
2315
2317
2321
2322
2323
2324
2326
2327
2328
2329
2330
2331
2332
2333
2334
2335
2336
2337
2338
2339
2340
2343
2344
2345
2346
2347
2348
2349
2350
2351
2352
2353
2354
2355
2356
2357
2358
2359
2362
2363
2364
2365
2366
2370
2371
2372
2373
2374
2375
2376
2377
2378
2379
2380
2381
2383
2384
2389
2390
2391
2392
2393
2394
2395
2396
2399
2402
2403
2404
2405
2408
2409
2410
2412
2413
2414
2415
2416
2419
2420
2421
2422
2423
2424
2425
2426
2427
2428
2430
2431
2432
2433
2434
2435
2436
2437
2438
2441
2442
2443
2444
2445
2446
2447
2449
2450
2451
2452
2455
2456
2457
2458
2459
2460
2461
2462
2463
2464
2465
2466
2468
2469
2470
2471
2473
2474
2475
2476
2477
2478
2479
2481
2482
2483
2484
2488
2489
2490
2491
2492
2493
2494
2495
2496
2497
2498
2499
2504
2505
2506
2507
2513
2516
2517
2518
2519
2525
2526
2527
2528
2529
2530
2533
2534
2535
2536
2537
2538
2539
2543
2544
2545
2546
2547
2548
2549
2550
2551
2552
2553
2554
2555
2557
2558
2559
2560
2561
2562
2565
2566
2567
2568
2569
2570
2571
2572
2573
2574
2576
2577
2578
2579
2580
2581
2582
2583
2589
2590
2591
2592
2593
2594
2595
2596
2599
2600
2601
2602
2603
2604
2605
2606
2607
2608
2609
2610
2611
2613
2614
2617
2618
2621
2622
2624
2625
2626
2627
2628
2629
2630
2631
2632
2633
2634
2635
2636
2637
2638
2639
2640
2641
2644
2645
2646
2647
2648
2651
2652
2653
2654
2655
2656
2657
2659
2660
2661
2662
2663
2664
2666
2667
2670
2671
2672
2674
2675
2676
2677
2678
2679
2680
2681
2682
2683
2684
2685
2686
2687
2688
2689
2690
2691
2692
2697
2698
2699
2703
2704
2705
2706
2707
2708
2709
2710
2711
2712
2713
2714
2715
2716
2717
2718
2721
2722
2724
2725
2726
2727
2728
2729
2730
2731
2732
2736
2737
2738
2739
2740
2741
2742
2743
2744
2745
2746
2747
2748
2749
2750
2751
2752
2753
2756
2757
2758
2759
2760
2765
2766
2767
2774
2775
2776
2777
2778
2779
2780
2781
2782
2783
2784
2787
2791
2792
2793
2794
2795
2796
2797
2798
2799
2800
2801
2802
2803
2804
2805
2806
2807
2808
2809
2810
2811
2812
2815
2817
2818
2819
2820
2821
2822
2823
2824
2825
2826
2827
2828
2829
2830
2831
2832
2833
2834
2835
2840
2841
2842
2843
2844
2845
2846
2848
2849
2850
2851
2852
2853
2854
2855
2856
2857
2858
2859
2862
2863
2864
2865
2866
2869
2870
2872
2873
2874
2875
2877
2882
2883
2884
2885
2886
2887
2889
2890
2891
2892
2894
2895
2896
2897
2898
2899
2900
2901
2902
2903
2904
2905
2906
2907
2908
2910
2911
2912
2913
2914
2915
2916
2917
2918
2919
2924
2925
2926
2927
2928
2929
2930
2934
2935
2936
2937
2938
2939
2940
2941
2942
2943
2944
2945
2946
2947
2948
2949
2950
2951
2952
2953
2954
2955
2957
2958
2959
2960
2961
2962
2965
2966
2967
2973
2976
2977
2978
2979
2980
2981
2982
2983
2984
2985
2987
2988
2989
2990
2991
2992
2993
2997
2998
2999
3000
3001
3002
3008
3009
3010
3011
3012
3013
3014
3015
3016
3017
3018
3019
3020
3021
3022
3023
3024
3028
3029
3030
3031
3032
3033
3034
3035
3036
3041
3042
3043
3045
3046
3047
3048
3049
3050
3051
3053
3054
3057
3058
3059
3060
3061
3062
3063
3064
3066
3067
3068
3069
3070
3071
3072
3073
3080
3081
3082
3083
3084
3085
3090
3091
3092
3093
3094
3095
3096
3097
3098
3099
3100
3102
3103
3104
3105
3106
3107
3108
3109
3112
3113
3114
3115
3116
3117
3118
3119
3120
3121
3122
3124
3125
3126
3127
3128
3129
3130
3134
3135
3136
3139
3141
3142
3143
3144
3145
3146
3147
3148
3149
3150
3151
3152
3153
3154
3155
3156
3157
3158
3159
3160
3161
3162
3163
3164
3165
3166
3167
3168
3172
3173
3174
3175
3176
3177
3178
3179
3180
3182
3183
3184
3185
3186
3189
3190
3191
3192
3196
3197
3198
3199
3200
3201
3202
3203
3204
3205
3212
3213
3218
3222
3223
3224
3225
3226
3227
3228
3229
3231
3233
3234
3239
3240
3241
3242
3243
3244
3245
3246
3247
3248
3249
3253
3254
3256
3257
3258
3259
3260
3261
3262
3263
3268
3269
3270
3271
3272
3273
3274
3275
3276
3277
3279
3280
3281
3282
3283
3285
3286
3287
3288
3289
3290
3291
3292
3295
3296
3297
3298
3299
3300
3302
3303
3306
3307
3308
3312
3313
3314
3315
3316
3317
3318
3319
3320
3321
3322
3323
3324
3325
3326
3327
3328
3329
3332
3333
3336
3337
3338
3342
3343
3344
3345
3346
3347
3348
3349
3350
3351
3353
3354
3355
3356
3357
3358
3359
3360
3361
3362
3363
3364
3365
3366
3367
3372
3374
3377
3378
3380
3381
3382
3384
3385
3386
3387
3389
3390
3391
3393
3394
3396
3397
3398
3400
3401
3402
3403
3408
3409
3410
3412
3413
3414
3415
3416
3417
3418
3419
3421
3422
3425
3426
3427
3428
3436
3437
3446
3447
3448
3449
3450
3453
3454
3455
3456
3457
3463
3467
3468
3469
3470
3471
3472
3475
3476
3477
3483
3487
3489
3490
3491
3492
3493
3494
3495
3496
3497
3498
3501
3502
3503
3504
3505
3506
3513
3514
3515
3519
3520
3522
3523
3524
3525
3526
3527
3530
3531
3533
3534
3535
3537
3539
3540
3541
3544
3545
3546
3547
3548
3549
3550
3554
3558
3559
3560
3563
3564
3565
3566
3567
3568
3569
3570
3571
3576
3577
3578
3579
3585
3588
3590
3591
3592
3593
3594
3596
3597
3600
