9
10
12
13
44
45
56
65
67
75
76
78
81
82
84
85
93
94
108
109
115
116
117
137
148
160
168
173
174
179
182
183
184
185
188
189
190
203
205
206
207
208
212
216
220
221
227
228
238
245
249
272
273
276
277
286
287
288
299
312
313
326
331
340
341
342
343
346
347
348
349
350
352
353
354
359
375
376
380
384
392
401
411
414
415
416
422
430
442
445
452
453
459
462
466
467
472
473
474
475
478
483
484
487
492
496
497
499
500
502
509
510
511
512
513
516
517
518
521
522
523
524
526
530
532
535
536
548
559
561
568
569
572
573
574
582
583
586
598
601
607
615
625
626
627
628
635
637
648
650
651
652
664
666
675
681
682
686
695
696
704
707
713
714
715
716
717
718
719
725
727
734
735
736
737
738
739
756
766
767
768
769
773
780
782
783
790
797
804
812
813
816
817
818
823
824
829
833
838
839
840
841
842
843
871
895
899
901
904
910
911
912
913
914
915
916
917
918
919
920
921
922
923
925
929
930
935
941
946
950
954
955
975
976
978
979
986
994
995
996
999
1000
1003
1014
1015
1018
1020
1021
1022
1023
1026
1027
1028
1032
1033
1068
1069
