44
45
65
78
84
85
93
94
115
116
117
137
148
160
168
173
174
182
183
184
185
189
190
206
207
216
238
245
249
272
273
276
277
288
299
326
331
340
341
342
343
346
349
350
353
354
359
375
376
401
411
416
422
430
442
445
453
459
466
467
472
478
487
492
496
497
509
513
518
521
522
523
526
530
532
535
548
559
561
568
569
572
573
574
583
586
598
601
607
615
625
626
637
652
664
666
686
704
707
713
714
715
716
725
734
735
736
737
738
739
756
766
773
780
782
783
790
804
813
816
817
818
833
839
871
895
899
901
910
911
912
913
914
915
916
917
918
919
920
921
925
929
930
